1.6838
1.7389
1.7616
1.7766
1.7873
1.7946
1.8003
1.8049
1.8090
1.8124
1.8154
1.8180
1.8203
1.8226
1.8246
1.8264
1.8282
1.8296
1.8312
1.8326
1.8339
1.8352
1.8365
1.8377
1.8390
1.8402
1.8414
1.8427
1.8438
1.8451
1.8462
1.8473
1.8485
1.8498
1.8511
1.8523
1.8536
1.8548
1.8561
1.8575
1.8588
1.8601
1.8614
1.8627
1.8641
1.8655
1.8670
1.8684
1.8696
1.8710
1.8724
1.8738
1.8752
1.8766
1.8781
1.8795
1.8810
1.8825
1.8840
1.8855
1.8872
1.8887
1.8904
1.8920
1.8935
1.8951
1.8969
1.8987
1.9004
1.9020
1.9039
1.9056
1.9073
1.9092
1.9109
1.9127
1.9146
1.9165
1.9184
1.9205
1.9224
1.9243
1.9264
1.9284
1.9307
1.9328
1.9350
1.9371
1.9395
1.9418
1.9443
1.9465
1.9488
1.9511
1.9535
1.9558
1.9586
1.9614
1.9645
1.9681
