3.4837
3.6469
3.7028
3.7337
3.7525
3.7662
3.7764
3.7839
3.7902
3.7958
3.8001
3.8037
3.8075
3.8105
3.8131
3.8154
3.8177
3.8198
3.8218
3.8236
3.8252
3.8267
3.8282
3.8296
3.8310
3.8324
3.8337
3.8351
3.8364
3.8376
3.8389
3.8403
3.8416
3.8429
3.8443
3.8456
3.8469
3.8483
3.8497
3.8510
3.8524
3.8537
3.8551
3.8565
3.8579
3.8593
3.8608
3.8623
3.8637
3.8652
3.8669
3.8684
3.8700
3.8714
3.8730
3.8745
3.8760
3.8776
3.8792
3.8809
3.8827
3.8844
3.8861
3.8877
3.8896
3.8914
3.8932
3.8951
3.8970
3.8988
3.9006
3.9023
3.9042
3.9063
3.9082
3.9103
3.9124
3.9145
3.9166
3.9186
3.9208
3.9229
3.9252
3.9273
3.9294
3.9318
3.9342
3.9366
3.9388
3.9410
3.9436
3.9461
3.9485
3.9510
3.9539
3.9566
3.9594
3.9622
3.9651
3.9684
