0.003000
0.003056
0.003111
0.003167
0.003222
0.003278
0.003333
0.003389
0.003444
0.003500
0.003556
0.003611
0.003667
0.003722
0.003778
0.003833
0.003889
0.003944
0.004000
0.004056
0.004111
0.004167
0.004222
0.004278
0.004333
0.004389
0.004444
0.004500
0.004556
0.004611
0.004667
0.004722
0.004778
0.004833
0.004889
0.004944
0.005000
0.005056
0.005111
0.005167
0.005222
0.005278
0.005333
0.005389
0.005444
0.005500
0.005556
0.005611
0.005667
0.005722
0.005778
0.005833
0.005889
0.005944
0.006000
0.006056
0.006111
0.006167
0.006222
0.006278
0.006333
0.006389
0.006444
0.006500
0.006556
0.006611
0.006667
0.006722
0.006778
0.006833
0.006889
0.006944
0.007000
0.007056
0.007111
0.007167
0.007222
0.007278
0.007333
0.007389
0.007444
0.007500
0.007556
0.007611
0.007667
0.007722
0.007778
0.007833
0.007889
0.007944
0.008000
0.008056
0.008111
0.008167
0.008222
0.008278
0.008333
0.008389
0.008444
0.008500
