0.003000
0.003374
0.003747
0.004121
0.004495
0.004869
0.005242
0.005616
0.005990
0.006364
0.006737
0.007111
0.007485
0.007859
0.008232
0.008606
0.008980
0.009354
0.009727
0.010101
0.010475
0.010848
0.011222
0.011596
0.011970
0.012343
0.012717
0.013091
0.013465
0.013838
0.014212
0.014586
0.014960
0.015333
0.015707
0.016081
0.016455
0.016828
0.017202
0.017576
0.017949
0.018323
0.018697
0.019071
0.019444
0.019818
0.020192
0.020566
0.020939
0.021313
0.021687
0.022061
0.022434
0.022808
0.023182
0.023556
0.023929
0.024303
0.024677
0.025051
0.025424
0.025798
0.026172
0.026545
0.026919
0.027293
0.027667
0.028040
0.028414
0.028788
0.029162
0.029535
0.029909
0.030283
0.030657
0.031030
0.031404
0.031778
0.032152
0.032525
0.032899
0.033273
0.033646
0.034020
0.034394
0.034768
0.035141
0.035515
0.035889
0.036263
0.036636
0.037010
0.037384
0.037758
0.038131
0.038505
0.038879
0.039253
0.039626
0.040000
