0.003000
0.003141
0.003283
0.003424
0.003566
0.003707
0.003848
0.003990
0.004131
0.004273
0.004414
0.004556
0.004697
0.004838
0.004980
0.005121
0.005263
0.005404
0.005545
0.005687
0.005828
0.005970
0.006111
0.006253
0.006394
0.006535
0.006677
0.006818
0.006960
0.007101
0.007242
0.007384
0.007525
0.007667
0.007808
0.007949
0.008091
0.008232
0.008374
0.008515
0.008657
0.008798
0.008939
0.009081
0.009222
0.009364
0.009505
0.009646
0.009788
0.009929
0.010071
0.010212
0.010354
0.010495
0.010636
0.010778
0.010919
0.011061
0.011202
0.011343
0.011485
0.011626
0.011768
0.011909
0.012051
0.012192
0.012333
0.012475
0.012616
0.012758
0.012899
0.013040
0.013182
0.013323
0.013465
0.013606
0.013747
0.013889
0.014030
0.014172
0.014313
0.014455
0.014596
0.014737
0.014879
0.015020
0.015162
0.015303
0.015444
0.015586
0.015727
0.015869
0.016010
0.016152
0.016293
0.016434
0.016576
0.016717
0.016859
0.017000
