9.0468
9.4997
9.6245
9.6790
9.7123
9.7343
9.7493
9.7619
9.7705
9.7780
9.7843
9.7894
9.7940
9.7979
9.8012
9.8042
9.8071
9.8099
9.8122
9.8144
9.8164
9.8181
9.8199
9.8216
9.8232
9.8248
9.8264
9.8280
9.8295
9.8309
9.8323
9.8338
9.8351
9.8366
9.8381
9.8395
9.8410
9.8424
9.8438
9.8453
9.8469
9.8484
9.8500
9.8515
9.8530
9.8547
9.8564
9.8580
9.8595
9.8611
9.8627
9.8644
9.8660
9.8677
9.8694
9.8711
9.8729
9.8746
9.8763
9.8779
9.8797
9.8816
9.8834
9.8853
9.8872
9.8890
9.8911
9.8931
9.8951
9.8972
9.8992
9.9013
9.9033
9.9054
9.9075
9.9097
9.9117
9.9141
9.9163
9.9185
9.9209
9.9232
9.9256
9.9279
9.9302
9.9327
9.9352
9.9376
9.9401
9.9425
9.9450
9.9476
9.9503
9.9530
9.9556
9.9583
9.9611
9.9637
9.9662
9.9688
